183 86
177 115
193 135
186 92
49 21
162 27
90 59
163 126
140 26
172 136
11 168
167 29
182 130
62 123
67 135
129 2
22 58
69 167
193 56
11 42
29 173
21 119
184 137
198 124
115 170
13 126
91 180
156 73
62 170
196 81
105 125
84 127
136 105
46 129
113 57
124 95
182 145
14 167
34 164
43 150
87 8
76 178
188 184
3 51
154 199
132 60
76 168
139 12
26 186
94 139
195 170
34 178
67 1
97 102
117 92
52 156
101 80
86 41
65 89
44 19
40 129
31 117
97 171
81 75
109 127
167 56
97 153
186 165
106 83
19 24
128 71
132 29
103 19
70 168
108 115
140 149
196 123
18 45
46 51
121 155
179 88
164 28
41 150
193 100
34 164
124 114
187 56
143 91
27 165
59 136
32 151
37 28
75 7
74 121
58 195
29 37
35 193
18 28
143 11
128 129
176 4
43 163
13 138
6 40
104 18
128 88
169 117
117 196
124 143
70 183
90 99
172 125
44 190
105 139
154 186
69 82
142 64
197 107
155 4
148 11
22 28
99 143
146 168
140 22
111 10
5 1
61 130
78 105
120 136
44 26
122 65
108 16
82 58
124 37
62 24
0 36
52 99
179 150
68 71
173 131
81 130
133 94
60 163
199 181
99 196
159 173
13 68
190 95
126 66
84 140
90 84
176 142
136 107
45 156
179 18
87 12
148 172
59 9
136 10
142 187
6 101
113 172
121 55
19 199
121 104
139 11
140 67
105 28
127 150
184 58
120 24
22 69
196 81
30 84
92 172
72 50
25 185
22 99
40 42
98 113
98 190
124 190
9 181
19 136
132 155
194 4
179 169
73 176
50 55
60 142
179 84
193 5
21 167
104 13
161 154
126 59
144 2
2 106
184 21
42 68
128 189
